0702819083
0702819119
0702819449
0702819505
0702819527
0702819573
0702819590
0702819595
0702819622
0702819644
0702819739
0702819827
0702819932
0702820145
0702820159
0702820337
0702820373
0702820614
0702820616
0702820674
0702820707
0702820829
0702820913
0702821214
0702821574
0702821611
0702821780
0702821854
0702821996
0702822117
0702822168
0702822201
0702822214
0702822258
0702822342
0702822343
0702822363
0702822418
0702822424
0702822429
0702822451
0702822459
0702823113
0702823210
0702823213
0702823233
0702823243
0702823268
0702823385
0702823396
0702823412
0702823431
0702823466
0702823581
0702823618
0702823761
0702823762
0702823765
0702823778
0702823786
0702823934
0702823934
0702823934
0702823943
0702823943
0702823943
0702823948
0702823948
0702823948
0702823969
0702823969
0702823969
0702823980
0702823980
0702823980
0702824082
0702824082
0702824082
0702824093
0702824093
0702824093
0702824102
0702824102
0702824102
0702824136
0702824136
0702824136
0702824141
0702824141
0702824141
0702824159
0702824159
0702824159
0702824195
0702824195
0702824195
0702824213
0702824213
0702824213
0702824338
0702824338
0702824338
0702824583
0702824583
0702824583
0702824601
0702824601
0702824601
0702824753
0702824753
0702824753
0702824766
0702824766
0702824766
0702824806
0702824806
0702824806
0702824942
0702824942
0702824942
0702825002
0702825002
0702825156
0702825156
0702825223
0702825223
0702825282
0702825282
0702825408
0702825408
0702825530
0702825530
0702825579
0702825579
0702825648
0702825648
0702825726
0702825726
0702825727
0702825727
0702825738
0702825738
0702825747
0702825747
0702825979
0702825979
0702826079
0702826079
0702826163
0702826163
0702826183
0702826183
0702826295
0702826295
0702826337
0702826337
0702826467
0702826467
0702826476
0702826476
0702826518
0702826518
0702826543
0702826543
0702826722
0702826722
0702826754
0702826754
0702827109
0702827109
0702827122
0702827122
0702827427
0702827427
0702827516
0702827516
0702827527
0702827527
0702827551
0702827551
0702827620
0702827620
0702827657
0702827657
0702827694
0702827694
0702827694
0702827708
0702827708
0702827708
0702827748
0702827748
0702827748
0702827763
0702827763
0702827763
0702827764
0702827764
0702827764
0702827775
0702827775
0702827775
0702827777
0702827777
0702827777
0702827786
0702827786
0702827786
0702827834
0702827834
0702827834
0702827876
0702827876
0702827876
0702827887
0702827887
0702827887
0702827888
0702827888
0702827888
0702827894
0702827894
0702827894
0702827906
0702827906
0702827906
0702827907
0702827907
0702827907
0702827910
0702827910
0702827910
0702827916
0702827916
0702827916
0702827919
0702827919
0702827919
0702827931
0702827931
0702827931
0702827938
0702827938
0702827938
0702827944
0702827944
0702827944
0702827945
0702827945
0702827945
0702827968
0702827968
0702827968
0702827973
0702827973
0702827973
0702827975
0702827975
0702827975
0702828007
0702828007
0702828007
0702828072
0702828072
0702828072
0702828130
0702828130
0702828130
0702828187
0702828187
0702828187
0702828201
0702828201
0702828201
0702828209
0702828209
0702828209
0702828225
0702828225
0702828225
0702828282
0702828282
0702828282
0702828295
0702828295
0702828295
0702828315
0702828315
0702828315
0702828319
0702828319
0702828319
0702828320
0702828320
0702828320
0702828328
0702828328
0702828328
0702828339
0702828339
0702828339
0702828393
0702828393
0702828393
0702828405
0702828405
0702828405
0702828445
0702828445
0702828445
0702828450
0702828450
0702828450
0702828518
0702828518
0702828518
0702828587
0702828587
0702828587
0702828626
0702828626
0702828626
0702828629
0702828629
0702828629
0702828630
0702828630
0702828630
0702828637
0702828637
0702828637
0702828639
0702828640
0702828674
0702828701
0702828709
0702828712
0702828716
0702828731
0702828739
0702828742
0702828755
0702828782
0702828787
0702828810
0702828824
0702828841
0702828852
0702828858
0702828873
0702828895
0702828903
0702828924
0702828926
0702828938
0702828940
0702828949
0702828954
0702828955
0702828966
0702828988
0702828990
0702829003
0702829006
0702829013
0702829023
0702829040
0702829046
0702829047
0702829076
0702829079
0702829102
0702829157
0702829158
0702829167
0702829200
0702829201
0702829217
0702829219
0702829236
0702829257
0702829296
0702829335
0702829390
0702829412
0702829442
0702829503
0702829526
0702829565
0702829569
0702829623
0702829665
0702829700
0702829712
0702829723
0702829730
0702829830
0702829860
0702829898
0702829907
0702829909
0702829925
0702829932
0702829962
0702829988
0702830001
0702830020
0702830031
0702830034
0702830050
0702830114
0702830124
0702830138
0702830198
0702830229
0702830230
0702830248
0702830280
0702830327
0702830335
0702830338
0702830394
0702830399
0702830404
0702830512
0702830514
0702830618
0702830624
0702830660
0702830684
0702830750
0702830756
0702830782
0702830952
0702830957
0702830986
0702830998
0702831015
0702831016
0702831042
0702831076
0702831124
0702831142
0702831153
0702831186
0702831191
0702831196
0702831208
0702831229
0702831296
0702831305
0702831315
0702831348
0702831376
0702831385
0702831395
0702831420
0702831436
0702831472
0702831478
0702831484
0702831486
0702831492
0702831501
0702831512
0702831529
0702831545
0702831555
0702831588
0702831595
0702831614
0702831623
0702831685
0702831698
0702831759
0702831765
0702831770
0702831829
0702831847
0702831860
0702831884
0702831887
0702831892
0702831901
0702831905
0702831909
0702833043
0702833078
0702833080
0702833087
0702833093
0702833123
0702833127
0702833145
0702833165
0702833215
0702833262
0702833311
0702833312
0702833317
0702833354
0702833378
0702833381
0702833397
0702833411
0702833413
0702833417
0702833443
0702833472
0702833497
0702833520
0702833628
0702833684
0702834230
0702834328
0702834348
0702834367
0702834402
0702834435
0702834440
0702834462
0702834491
0702834572
0702834607
0702834619
0702834628
0702834633
0702834782
0702834801
0702834809
0702834844
0702834919
0702835057
0702835087
0702835093
0702835121
0702835625
0702835666
0702835677
0702835860
0702835869
0702835870
0702835921
0702836001
0702836086
0702836091
0702836161
0702836162
0702836316
0702836332
0702836346
0702836355
0702836358
0702836359
0702836377
0702836386
0702836444
0702836541
0702836669
0702836688
0702836746
0702836760
0702836774
0702836802
0702836834
0702836848
0702836892
0702836916
0702836927
0702836960
0702836981
0702837037
0702837074
0702837086
0702837175
0702837213
0702837220
0702837260
0702837263
0702837319
0702837338
0702837349
0702837367
0702837379
0702837412
0702837414
0702837518
0702837523
0702837568
0702837594
0702837626
0702837685
0702837715
0702837736
0702837747
0702837763
0702837765
0702837866
0702837879
0702837921
0702837929
0702837973
0702837980
0702837990
0702838027
0702838036
0702838048
0702838185
0702838232
0702838431
0702838477
0702838486
0702838487
0702838517
0702838536
0702838585
0702838636
0702838662
0702838685
0702838712
0702838733
0702838771
0702838778
0702838782
0702838793
0702838832
0702838836
0702838899
0702839006
0702839154
0702839162
0702839224
0702839336
0702839408
0702839458
0702839466
0702839526
0702839603
0702839629
0702839638
0702839721
0702839749
0702839764
0702839822
0702839847
0702839943
0702839946
0702839993
0702840007
0702840122
0702840151
0702840162
0702840178
0702840197
0702840201
0702840204
0702840209
0702840236
0702840239
0702840247
0702840267
0702840281
0702840291
0702840296
0702840307
0702840331
0702840344
0702840416
0702840446
0702840454
0702840469
0702840490
0702840497
0702840506
0702840525
0702840530
0702840548
0702840550
0702840554
0702840570
0702840656
0702840658
0702840666
0702840748
0702840759
0702840788
0702840819
0702840839
0702840866
0702840897
0702840946
0702840960
0702840967
0702840994
0702841013
0702841037
0702841051
0702841057
0702841061
0702841067
0702841072
0702841077
0702841105
0702841120
0702841126
0702841173
0702841185
0702841235
0702841296
0702841303
0702841314
0702841341
0702841345
0702841355
0702841408
0702841506
0702841579
0702841588
0702841608
0702841625
0702841628
0702841630
0702841642
0702841676
0702841718
0702841723
0702841749
0702841759
0702841763
0702841766
0702841770
0702841778
0702841821
0702841830
0702841863
0702841893
0702841943
0702841952
0702841980
0702841998
0702842066
0702842085
0702842095
0702842131
0702842151
0702842246
0702842312
0702842316
0702842379
0702842454
0702842743
0702842803
0702842815
0702842840
0702843051
0702843166
0702843484
0702843494
0702843504
0702843531
0702843607
0702843641
0702843651
0702843727
0702843783
0702843811
0702843820
0702843831
0702843843
0702843913
0702844192
0702844235
0702844272
0702844296
0702844375
0702844413
0702844430
0702844471
0702844475
0702844504
0702844598
0702844610
0702844621
0702844627
0702844660
0702844702
0702844729
0702844758
0702844768
0702844771
0702844772
0702844795
0702844804
0702844806
0702844856
0702844860
0702844901
0702844913
0702844926
0702844953
0702844956
0702844968
0702845085
0702845147
0702845153
0702845167
0702845226
0702845368
0702845538
0702845604
0702845626
0702845669
0702845672
0702845686
0702845695
0702845722
0702845757
0702845774
0702845775
0702845807
0702845895
0702845917
0702845962
0702846014
0702846030
0702846054
0702846066
0702846124
0702846144
0702846201
0702846219
0702846303
0702846309
0702846370
0702846543
0702846552
0702846556
0702846598
0702846613
0702846623
0702846669
0702846675
0702846681
0702846692
0702846706
0702846719
0702846782
0702846856
0702846872
0702846885
0702846982
0702847065
0702847083
0702847088
0702847192
0702847302
0702847303
0702847356
0702847423
0702847459
0702848105
0702848345
0702848554
0702848599
0702848644
0702848785
0702848941
0702848984
0702849083
0702849088
0702849094
0702849106
0702849144
0702849150
0702849254
0702849281
0702849336
0702849355
0702849441
0702849447
0702849450
0702849884
0702850163
0702850208
0702850224
0702850233
0702850316
0702850444
0702850446
0702850468
0702850479
0702850493
0702850596
0702850686
0702850701
0702850710
0702850769
0702850835
0702850866
0702850947
0702850950
0702850974
0702851131
0702851660
0702851761
0702851825
0702851863
0702851899
0702851903
0702851936
0702851941
0702851951
0702851979
0702852013
0702852035
0702852044
0702852078
0702852084
0702852176
0702852196
0702852272
0702852308
0702852324
0702852388
0702852429
0702852461
0702852490
0702852491
0702852512
0702852556
0702852557
0702852574
0702852638
0702852642
0702852745
0702852818
0702852843
0702852980
0702853049
0702853071
0702853076
0702853126
0702853153
0702853174
0702853181
0702853185
0702853222
0702853225
0702853257
0702853273
0702853295
0702853385
0702853399
0702853408
0702853448
0702853452
0702853462
0702853470
0702853477
0702853501
0702853516
0702853521
0702853523
0702853529
0702853535
0702853553
0702853811
0702853967
0702854016
0702854058
0702854091
0702854093
0702854106
0702854204
0702854244
0702854272
0702854315
0702854327
0702854346
0702854428
0702854458
0702854503
0702854505
0702854548
0702854565
0702854598
0702854618
0702854630
0702854631
0702854635
0702854688
0702854705
0702854729
0702854732
0702854765
0702854784
0702854815
0702854816
0702854831
0702854872
0702854947
0702854954
0702854964
0702854972
0702854989
0702855004
0702855021
0702855022
0702855032
0702855062
0702855082
0702855131
0702855152
0702855157
0702855160
0702855186
0702855191
0702855200
0702855206
0702855224
0702855236
0702855238
0702855241
0702855283
0702855296
0702855310
0702855316
0702855770
0702855856
0702855864
0702855894
0702855906
0702855919
0702855924
0702855936
0702855947
0702855953
0702855981
0702855995
0702856020
0702856026
0702856059
0702856087
0702856090
0702856098
0702856112
0702856116
0702856142
0702856149
0702856155
0702856174
0702856178
0702856184
0702856197
0702856209
0702856234
0702856238
0702856292
0702856311
0702856337
0702856344
0702856353
0702856390
0702856413
0702856418
0702856436
0702856451
0702856456
0702856479
0702856487
0702856495
0702856506
0702856510
0702856521
0702856545
0702856548
0702856554
0702856576
0702856583
0702856635
0702856645
0702856648
0702856650
0702856675
0702856686
0702856696
0702856743
0702856759
0702856761
0702856788
0702856803
0702856815
0702856882
0702856882
0702857001
0702857001
0702857066
0702857066
0702857103
0702857103
0702857215
0702857215
0702857225
0702857290
0702857305
0702857332
0702857338
0702857357
0702857396
0702857408
0702857416
0702857501
0702857519
0702857524
0702857567
0702857595
0702857638
0702857653
0702857661
0702857676
0702857708
0702857728
0702857782
0702857794
0702857798
0702857803
0702857818
0702857843
0702857846
0702857859
0702857864
0702857872
0702857908
0702857943
0702857948
0702857995
0702857997
0702858006
0702858067
0702858073
0702858082
0702858085
0702858103
0702858111
0702858138
0702858193
0702858195
0702858246
0702858264
0702858281
0702858294
0702859210
0702859269
0702859303
0702859310
0702859365
0702859393
0702859405
0702859436
0702859467
0702859474
0702859494
